name: dl
channels:
- conda-forge
- defaults
dependencies:
- jupyter_contrib_core=0.3.3=py36_0
- jupyter_contrib_nbextensions=0.3.1=py36_0
- jupyter_highlight_selected_word=0.0.10=py36_0
- jupyter_latex_envs=1.3.8.2=py36_1
- jupyter_nbextensions_configurator=0.2.7=py36_0
- keras=2.0.6=py36_0
- backports=1.0=py36_0
- backports.weakref=1.0rc1=py36_0
- bleach=1.5.0=py36_0
- certifi=2016.2.28=py36_0
- colorama=0.3.9=py36_0
- cycler=0.10.0=py36_0
- decorator=4.1.2=py36_0
- entrypoints=0.2.3=py36_0
- h5py=2.7.0=np113py36_0
- hdf5=1.8.15.1=vc14_4
- html5lib=0.9999999=py36_0
- icu=57.1=vc14_0
- ipykernel=4.6.1=py36_0
- ipython=6.1.0=py36_0
- ipython_genutils=0.2.0=py36_0
- ipywidgets=5.2.2=py36_1
- jedi=0.10.2=py36_2
- jinja2=2.9.6=py36_0
- jpeg=9b=vc14_0
- jsonschema=2.6.0=py36_0
- jupyter_client=5.1.0=py36_0
- jupyter_console=5.2.0=py36_0
- jupyter_core=4.3.0=py36_0
- libgpuarray=0.6.9=vc14_0
- libpng=1.6.30=vc14_1
- libprotobuf=3.2.0=vc14_0
- libpython=2.0=py36_0
- m2w64-binutils=2.25.1=5
- m2w64-bzip2=1.0.6=6
- m2w64-crt-git=5.0.0.4636.2595836=2
- m2w64-gcc=5.3.0=6
- m2w64-gcc-ada=5.3.0=6
- m2w64-gcc-fortran=5.3.0=6
- m2w64-gcc-libgfortran=5.3.0=6
- m2w64-gcc-libs=5.3.0=7
- m2w64-gcc-libs-core=5.3.0=7
- m2w64-gcc-objc=5.3.0=6
- m2w64-gmp=6.1.0=2
- m2w64-headers-git=5.0.0.4636.c0ad18a=2
- m2w64-isl=0.16.1=2
- m2w64-libiconv=1.14=6
- m2w64-libmangle-git=5.0.0.4509.2e5a9a2=2
- m2w64-libwinpthread-git=5.0.0.4634.697f757=2
- m2w64-make=4.1.2351.a80a8b8=2
- m2w64-mpc=1.0.3=3
- m2w64-mpfr=3.1.4=4
- m2w64-pkg-config=0.29.1=2
- m2w64-toolchain=5.3.0=7
- m2w64-tools-git=5.0.0.4592.90b8472=2
- m2w64-windows-default-manifest=6.4=3
- m2w64-winpthreads-git=5.0.0.4634.697f757=2
- m2w64-zlib=1.2.8=10
- mako=1.0.6=py36_0
- markdown=2.6.9=py36_0
- markupsafe=1.0=py36_0
- matplotlib=2.0.2=np113py36_0
- mistune=0.7.4=py36_0
- mkl=2017.0.3=0
- mkl-service=1.1.2=py36_3
- msys2-conda-epoch=20160418=1
- nbconvert=5.2.1=py36_0
- nbformat=4.4.0=py36_0
- nose=1.3.7=py36_1
- notebook=5.0.0=py36_0
- numpy=1.13.1=py36_0
- openssl=1.0.2l=vc14_0
- pandas=0.20.3=py36_0
- pandocfilters=1.4.2=py36_0
- path.py=10.3.1=py36_0
- patsy=0.4.1=py36_0
- pickleshare=0.7.4=py36_0
- pip=9.0.1=py36_1
- prompt_toolkit=1.0.15=py36_0
- protobuf=3.2.0=py36_0
- pygments=2.2.0=py36_0
- pygpu=0.6.9=py36_0
- pyparsing=2.2.0=py36_0
- pyqt=5.6.0=py36_2
- python=3.6.2=0
- python-dateutil=2.6.1=py36_0
- pytz=2017.2=py36_0
- pyyaml=3.12=py36_0
- pyzmq=16.0.2=py36_0
- qt=5.6.2=vc14_6
- qtconsole=4.3.1=py36_0
- scikit-learn=0.19.0=np113py36_0
- scipy=0.19.1=np113py36_0
- seaborn=0.8=py36_0
- setuptools=36.4.0=py36_1
- simplegeneric=0.8.1=py36_1
- sip=4.18=py36_0
- six=1.10.0=py36_0
- statsmodels=0.8.0=np113py36_0
- tensorflow=1.2.1=py36_0
- testpath=0.3.1=py36_0
- theano=0.9.0=py36_0
- tk=8.5.18=vc14_0
- tornado=4.5.2=py36_0
- traitlets=4.3.2=py36_0
- vc=14=0
- vs2015_runtime=14.0.25420=0
- wcwidth=0.1.7=py36_0
- werkzeug=0.12.2=py36_0
- wheel=0.29.0=py36_0
- widgetsnbextension=1.2.6=py36_0
- wincertstore=0.2=py36_0
- yaml=0.1.6=0
- zlib=1.2.11=vc14_0
- pip:
  - ipython-genutils==0.2.0
  - jupyter-client==5.1.0
  - jupyter-console==5.2.0
  - jupyter-contrib-core==0.3.3
  - jupyter-contrib-nbextensions==0.3.1
  - jupyter-core==4.3.0
  - jupyter-highlight-selected-word==0.0.10
  - jupyter-latex-envs==1.3.8.2
  - jupyter-nbextensions-configurator==0.2.7
  - prompt-toolkit==1.0.15
prefix: C:\Users\Arnaldo\Miniconda3\envs\dl

